0 4.5371231416182510e-002
1 2.3102519502354892e-002
2 1.2049288562309232e-002
3 8.7458624905980883e-003
4 7.0276182669627672e-003
5 5.9432539554065871e-003
6 5.1860788571839837e-003
7 4.6199397318680878e-003
8 4.1767723980040460e-003
9 3.8202361872137999e-003
10 3.5258524289803004e-003
11 3.2777248964757292e-003
12 3.0657679405447498e-003
13 2.8821518699359760e-003
14 2.7213452821328358e-003
15 2.5793001495411708e-003
16 2.4527275590886604e-003
17 2.3391926648239289e-003
18 2.2367128526084492e-003
19 2.1436865337441779e-003
20 2.0588419754678637e-003
21 1.9811002732014792e-003
22 1.9095868079208162e-003
23 1.8435583341645989e-003
24 1.7823883482633595e-003
25 1.7255464903747702e-003
26 1.6725742747512391e-003
27 1.6230798892606483e-003
28 1.5767215159054576e-003
29 1.5332021794748128e-003
30 1.4922617756088282e-003
31 1.4536710946290493e-003
32 1.4172281954224293e-003
33 1.3827535320172538e-003
34 1.3500875729618980e-003
35 1.3190877254706474e-003
36 1.2896261427043829e-003
37 1.2615880934169991e-003
38 1.2348698746944982e-003
39 1.2093780634380073e-003
40 1.1850276337434392e-003
41 1.1617416992785894e-003
42 1.1394498604588986e-003
43 1.1180882417283400e-003
44 1.0975980249722491e-003
45 1.0779256953592155e-003
46 1.0590217018416187e-003
47 1.0408408669370646e-003
48 1.0233411287019413e-003
49 1.0064840813914983e-003
50 9.9023377140700975e-004
51 9.7455733980474448e-004
52 9.5942385745606822e-004
53 9.4480504451946445e-004
54 9.3067413685453144e-004
55 9.1700666243892213e-004
56 9.0377933425020050e-004
57 8.9097086819893521e-004
58 8.7856089923063626e-004
59 8.6653082903375897e-004
60 8.5486276304641280e-004
61 8.4354037892588963e-004
62 8.3254788283321788e-004
63 8.2187089163013576e-004
64 8.1149540733970143e-004
65 8.0140870750394029e-004
66 7.9159833709497717e-004
67 7.8205300259403447e-004
68 7.7276158087570264e-004
69 7.6371401345883840e-004
70 7.5490033204077050e-004
71 7.4631155007845028e-004
72 7.3793870474297214e-004
73 7.2977374355444628e-004
74 7.2180858258273346e-004
75 7.1403598631125697e-004
76 7.0644864194086617e-004
77 6.9904003102013855e-004
78 6.9180351972663874e-004
79 6.8473322109263289e-004
80 6.7782310114341692e-004
81 6.7106783078617501e-004
82 6.6446190768343349e-004
83 6.5800049706700274e-004
84 6.5167856921820007e-004
85 6.4549172863085735e-004
86 6.3943536695831220e-004
87 6.3350548008534531e-004
88 6.2769783638860321e-004
89 6.2200878138928147e-004
90 6.1643442116150022e-004
91 6.1097141433116386e-004
92 6.0561617045340466e-004
93 6.0036562920187046e-004
94 5.9521647352460828e-004
95 5.9016589593344248e-004
96 5.8521082623675823e-004
97 5.8034868489349745e-004
98 5.7557662511184787e-004
99 5.7089227327827721e-004
100 5.6629298520285238e-004
101 5.6177657367175804e-004
102 5.5734057861362568e-004
103 5.5298298185552314e-004
104 5.4870149097858501e-004
105 5.4449424138469139e-004
106 5.4035909360543918e-004
107 5.3629432280763131e-004
108 5.3229792931659182e-004
109 5.2836831570727205e-004
110 5.2450361030013731e-004
111 5.2070233199929346e-004
112 5.1696272651765803e-004
113 5.1328341913591967e-004
114 5.0966276341270580e-004
115 5.0609948204770089e-004
116 5.0259202783287842e-004
117 4.9913921281042944e-004
118 4.9573958122158391e-004
119 4.9239202715632886e-004
120 4.8909517925735282e-004
121 4.8584800706277895e-004
122 4.8264921722430628e-004
123 4.7949784874764769e-004
124 4.7639268048613572e-004
125 4.7333281548487600e-004
126 4.7031709951420226e-004
127 4.6734469472466540e-004
128 4.6441450898702708e-004
129 4.6152575906590232e-004
130 4.5867741053592378e-004
131 4.5586873068137988e-004
132 4.5309873876160921e-004
133 4.5036674884325255e-004
134 4.4767183019104283e-004
135 4.4501334023751233e-004
136 4.4239039488000112e-004
137 4.3980239179025664e-004
138 4.3724849040195467e-004
139 4.3472812576102291e-004
140 4.3224049799134247e-004
141 4.2978507688435752e-004
142 4.2736110063494126e-004
143 4.2496807136550006e-004
144 4.2260526292819907e-004
145 4.2027220755607543e-004
146 4.1796821253165472e-004
147 4.1569283815456773e-004
148 4.1344542308091581e-004
149 4.1122555379318761e-004
150 4.0903259841876613e-004
151 4.0686616788512998e-004
152 4.0472565803021656e-004
153 4.0261070262172227e-004
154 4.0052072357591036e-004
155 3.9845537601725084e-004
156 3.9641410642640349e-004
157 3.9439658991205121e-004
158 3.9240229611288923e-004
159 3.9043091885079980e-004
160 3.8848194961522064e-004
161 3.8655509976293886e-004
162 3.8464988141768660e-004
163 3.8276602237804472e-004
164 3.8090305426877966e-004
165 3.7906072031525234e-004
166 3.7723857058693041e-004
167 3.7543636279253878e-004
168 3.7365366446043171e-004
169 3.7189024690539646e-004
170 3.7014569419371320e-004
171 3.6841979042974969e-004
172 3.6671213535691231e-004
173 3.6502252510828271e-004
174 3.6335057429905641e-004
175 3.6169609038195621e-004
176 3.6005870208973082e-004
177 3.5843822753315376e-004
178 3.5683430885570218e-004
179 3.5524677420858519e-004
180 3.5367527848311408e-004
181 3.5211965929393349e-004
182 3.5057958365791947e-004
183 3.4905489811373178e-004
184 3.4754528121923393e-004
185 3.4605058793264683e-004
186 3.4457050780320047e-004
187 3.4310490373628801e-004
188 3.4165347575573985e-004
189 3.4021609427155102e-004
190 3.3879246929542455e-004
191 3.3738247832745144e-004
192 3.3598584090870006e-004
193 3.3460244124044542e-004
194 3.3323200796076777e-004
195 3.3187443160729441e-004
196 3.3052944950751761e-004
197 3.2919695819271373e-004
198 3.2787670329471777e-004
199 3.2656858701669172e-004
200 3.2527236293127492e-004
201 3.2398793861096762e-004
202 3.2271507522551706e-004
203 3.2145368543231646e-004
204 3.2020353767305790e-004
205 3.1896454942231193e-004
206 3.1773649608625199e-004
207 3.1651929970455146e-004
208 3.1531274235647381e-004
209 3.1411675040955440e-004
210 3.1293111234007910e-004
211 3.1175575861974161e-004
212 3.1059048386025483e-004
213 3.0943522242653693e-004
214 3.0828977481754590e-004
215 3.0715407909249451e-004
216 3.0602794140200664e-004
217 3.0491130331192847e-004
218 3.0380397640077485e-004
219 3.0270590556388637e-004
220 3.0161690759507119e-004
221 3.0053693055175160e-004
222 2.9946579624103524e-004
223 2.9840345572429666e-004
224 2.9734973562969049e-004
225 2.9630458987309644e-004
226 2.9526784972081378e-004
227 2.9423947180177794e-004
228 2.9321929184643645e-004
229 2.9220726906298045e-004
230 2.9120324348015376e-004
231 2.9020717675882742e-004
232 2.8921891306787266e-004
233 2.8823841640114952e-004
234 2.8726553491690741e-004
235 2.8630023482833686e-004
236 2.8534236813947350e-004
237 2.8439190317529963e-004
238 2.8344869564834432e-004
239 2.8251271589343737e-004
240 2.8158382320066894e-004
241 2.8066198981803193e-004
242 2.7974707848800419e-004
243 2.7883906328017702e-004
244 2.7793781026982917e-004
245 2.7704329526103875e-004
246 2.7615538754776611e-004
247 2.7527406458588004e-004
248 2.7439919877868138e-004
249 2.7353076915557660e-004
250 2.7266865112449216e-004
251 2.7181282521400782e-004
252 2.7096316973652463e-004
253 2.7011966664897770e-004
254 2.6928219707252635e-004
255 2.6845074432514383e-004
256 2.6762519224493027e-004
257 2.6680552544702341e-004
258 2.6599163039839135e-004
259 2.6518349295064417e-004
260 2.6438100211530153e-004
261 2.6358414492251000e-004
262 2.6279281284743755e-004
263 2.6200699404393182e-004
264 2.6122658237307840e-004
265 2.6045156706002852e-004
266 2.5968184427739506e-004
267 2.5891740427177095e-004
268 2.5815814545578921e-004
269 2.5740405905006267e-004
270 2.5665504563851023e-004
271 2.5591109737058333e-004
272 2.5517211693544951e-004
273 2.5443809736844648e-004
274 2.5370894340062683e-004
275 2.5298464891203152e-004
276 2.5226512061460044e-004
277 2.5155035319415748e-004
278 2.5084025528479596e-004
279 2.5013482234080559e-004
280 2.4943396486208934e-004
281 2.4873767903581235e-004
282 2.4804587717343275e-004
283 2.4735855616110105e-004
284 2.4667563006949557e-004
285 2.4599709645142841e-004
286 2.4532287108653035e-004
287 2.4465295216341180e-004
288 2.4398725712211763e-004
289 2.4332578475763436e-004
290 2.4266845412370888e-004
291 2.4201526459358732e-004
292 2.4136613678971627e-004
293 2.4072107063674502e-004
294 2.4007998828240738e-004
295 2.3944289017712537e-004
296 2.3880969995206320e-004
297 2.3818041855896762e-004
298 2.3755497107197694e-004
299 2.3693335892080352e-004
300 2.3631550858364711e-004
301 2.3570142194576216e-004
302 2.3509102685185371e-004
303 2.3448432562136101e-004
304 2.3388124742913064e-004
305 2.3328179500840018e-004
306 2.3268589882910579e-004
307 2.3209356201880847e-004
308 2.3150471630854937e-004
309 2.3091936520160984e-004
310 2.3033744165745014e-004
311 2.2975894953718208e-004
312 2.2918382299709229e-004
313 2.2861206623900029e-004
314 2.2804361458543019e-004
315 2.2747847256265546e-004
316 2.2691657662979631e-004
317 2.2635793162203370e-004
318 2.2580247510645149e-004
319 2.2525021221210520e-004
320 2.2470108158651562e-004
321 2.2415508863830302e-004
322 2.2361217306851822e-004
323 2.2307234055172484e-004
324 2.2253553181659748e-004
325 2.2200175279055091e-004
326 2.2147094520478283e-004
327 2.2094311522701820e-004
328 2.2041820556663685e-004
329 2.1989622261972688e-004
330 2.1937711005031254e-004
331 2.1886087447127366e-004
332 2.1834746047851575e-004
333 2.1783687489074100e-004
334 2.1732906321359827e-004
335 2.1682403246106043e-004
336 2.1632172902707683e-004
337 2.1582216011085782e-004
338 2.1532527297388575e-004
339 2.1483107499083319e-004
340 2.1433951427068086e-004
341 2.1385059835431482e-004
342 2.1336427617854812e-004
343 2.1288055544168934e-004
344 2.1239938588947789e-004
345 2.1192077536913038e-004
346 2.1144467441681542e-004
347 2.1097109102054867e-004
348 2.1049997648919208e-004
349 2.1003133894367836e-004
350 2.0956513044820160e-004
351 2.0910135924916679e-004
352 2.0863997814927918e-004
353 2.0818099551325639e-004
354 2.0772436486599967e-004
355 2.0727009468364188e-004
356 2.0681813919734877e-004
357 2.0636850698818105e-004
358 2.0592115297814756e-004
359 2.0547608584682919e-004
360 2.0503326119223031e-004
361 2.0459268778638164e-004
362 2.0415432188863037e-004
363 2.0371817235772396e-004
364 2.0328419610018511e-004
365 2.0285240205593957e-004
366 2.0242274776497679e-004
367 2.0199524224300518e-004
368 2.0156984365006302e-004
369 2.0114656107258312e-004
370 2.0072535327769769e-004
371 2.0030622941763547e-004
372 1.9988914885394387e-004
373 1.9947412079997183e-004
374 1.9906110519933142e-004
375 1.9865011132202858e-004
376 1.9824109968177454e-004
377 1.9783407960091793e-004
378 1.9742901215160681e-004
379 1.9702590670432231e-004
380 1.9662472487839912e-004
381 1.9622547608845415e-004
382 1.9582812248991941e-004
383 1.9543267353787635e-004
384 1.9503909191296060e-004
385 1.9464738710706713e-004
386 1.9425752231564693e-004
387 1.9386950706388285e-004
388 1.9348330505189248e-004
389 1.9309892583471814e-004
390 1.9271633360714991e-004
391 1.9233553795101432e-004
392 1.9195650354605209e-004
393 1.9157923999775517e-004
394 1.9120371246144220e-004
395 1.9082993056326151e-004
396 1.9045785992488265e-004
397 1.9008751019039747e-004
398 1.8971884743881087e-004
399 1.8935188132938454e-004
400 1.8898657838977703e-004
401 1.8862294829183888e-004
402 1.8826095800335722e-004
403 1.8790061720628119e-004
404 1.8754189330014238e-004
405 1.8718479597467706e-004
406 1.8682929305308989e-004
407 1.8647539423057518e-004
408 1.8612306774607940e-004
409 1.8577232329810658e-004
410 1.8542312953362210e-004
411 1.8507549615233594e-004
412 1.8472939220172106e-004
413 1.8438482738068987e-004
414 1.8404177112987076e-004
415 1.8370023314542196e-004
416 1.8336018325400144e-004
417 1.8302163114723087e-004
418 1.8268454703069728e-004
419 1.8234894058972610e-004
420 1.8201478240207220e-004
421 1.8168208214506724e-004
422 1.8135081076188576e-004
423 1.8102097792034824e-004
424 1.8069255492255497e-004
425 1.8036555142515579e-004
426 1.8003993908285599e-004
427 1.7971572753973600e-004
428 1.7939288879684510e-004
429 1.7907143248424172e-004
430 1.7875133094326601e-004
431 1.7843259378864604e-004
432 1.7811519369605305e-004
433 1.7779914026364480e-004
434 1.7748440649553357e-004
435 1.7717100197211168e-004
436 1.7685890002032412e-004
437 1.7654811020159018e-004
438 1.7623860616015893e-004
439 1.7593039743727204e-004
440 1.7562345798911511e-004
441 1.7531779733579575e-004
442 1.7501338974000648e-004
443 1.7471024469970609e-004
444 1.7440833677901825e-004
445 1.7410767545270560e-004
446 1.7380823558120666e-004
447 1.7351002661529285e-004
448 1.7321302370669543e-004
449 1.7291723628127723e-004
450 1.7262263977728143e-004
451 1.7232924359477842e-004
452 1.7203702345383771e-004
453 1.7174598872792969e-004
454 1.7145611541421248e-004
455 1.7116741285889400e-004
456 1.7087985733170753e-004
457 1.7059345815079581e-004
458 1.7030819185405541e-004
459 1.7002406773087937e-004
460 1.6974106258298391e-004
461 1.6945918567042769e-004
462 1.6917841405439155e-004
463 1.6889875696499441e-004
464 1.6862019171874447e-004
465 1.6834272751524830e-004
466 1.6806634192228381e-004
467 1.6779104410829000e-004
468 1.6751681188840811e-004
469 1.6724365439941692e-004
470 1.6697154969978287e-004
471 1.6670050689422209e-004
472 1.6643050428072337e-004
473 1.6616155093137822e-004
474 1.6589362538001155e-004
475 1.6562673666565506e-004
476 1.6536086355427041e-004
477 1.6509601505141589e-004
478 1.6483217015154195e-004
479 1.6456933782643264e-004
480 1.6430749729549876e-004
481 1.6404665749630148e-004
482 1.6378679786976640e-004
483 1.6352792731895503e-004
484 1.6327002550289279e-004
485 1.6301310128978718e-004
486 1.6275713455349397e-004
487 1.6250213412699998e-004
488 1.6224808009577009e-004
489 1.6199498125738215e-004
490 1.6174281790557263e-004
491 1.6149159880225693e-004
492 1.6124130444641530e-004
493 1.6099194356400214e-004
494 1.6074349685619383e-004
495 1.6049597301277135e-004
496 1.6024935293403538e-004
497 1.6000364527341576e-004
498 1.5975883112744887e-004
499 1.5951491911293824e-004
