3.0050505051e-001 8.6440815253e-002
3.5101010101e-001 1.3554068969e-001
4.0151515152e-001 1.8492809136e-001
4.5202020202e-001 2.3447645105e-001
5.0252525253e-001 2.8413143999e-001
5.5303030303e-001 3.3386378208e-001
6.0353535354e-001 3.8365555830e-001
6.5404040404e-001 4.3349485228e-001
7.0454545455e-001 4.8337324373e-001
7.5505050505e-001 5.3328439346e-001
8.0555555556e-001 5.8322255478e-001
8.5606060606e-001 6.3317717749e-001
9.0656565657e-001 6.8310005124e-001
9.5707070707e-001 7.3270070038e-001
1.0075757576e+000 7.8048021386e-001
1.0580808081e+000 8.2249293402e-001
1.1085858586e+000 8.5594689721e-001
1.1590909091e+000 8.8172007516e-001
1.2095959596e+000 9.0175925161e-001
1.2601010101e+000 9.1771676181e-001
1.3106060606e+000 9.3076306820e-001
1.3611111111e+000 9.4168871055e-001
1.4116161616e+000 9.5102822939e-001
1.4621212121e+000 9.5915008536e-001
1.5126262626e+000 9.6631473880e-001
1.5631313131e+000 9.7271105202e-001
1.6136363636e+000 9.7847929112e-001
1.6641414141e+000 9.8372591969e-001
1.7146464646e+000 9.8853333426e-001
1.7651515152e+000 9.9296642018e-001
1.8156565657e+000 9.9707706885e-001
1.8661616162e+000 1.0009073555e+000
1.9166666667e+000 1.0044918196e+000
1.9671717172e+000 1.0078591297e+000
2.0176767677e+000 1.0110333203e+000
2.0681818182e+000 1.0140347237e+000
2.1186868687e+000 1.0168806812e+000
2.1691919192e+000 1.0195860949e+000
2.2196969697e+000 1.0221638578e+000
2.2702020202e+000 1.0246251950e+000
2.3207070707e+000 1.0269799364e+000
2.3712121212e+000 1.0292367354e+000
2.4217171717e+000 1.0314032478e+000
2.4722222222e+000 1.0334862778e+000
2.5227272727e+000 1.0354918983e+000
2.5732323232e+000 1.0374255510e+000
2.6237373737e+000 1.0392921306e+000
2.6742424242e+000 1.0410960545e+000
2.7247474747e+000 1.0428413227e+000
2.7752525253e+000 1.0445315680e+000
2.8257575758e+000 1.0461700998e+000
2.8762626263e+000 1.0477599404e+000
2.9267676768e+000 1.0493038576e+000
2.9772727273e+000 1.0508043918e+000
3.0277777778e+000 1.0522638806e+000
3.0782828283e+000 1.0536844789e+000
3.1287878788e+000 1.0550681783e+000
3.1792929293e+000 1.0564168221e+000
3.2297979798e+000 1.0577321204e+000
3.2803030303e+000 1.0590156620e+000
3.3308080808e+000 1.0602689258e+000
3.3813131313e+000 1.0614932904e+000
3.4318181818e+000 1.0626900433e+000
3.4823232323e+000 1.0638603884e+000
3.5328282828e+000 1.0650054532e+000
3.5833333333e+000 1.0661262948e+000
3.6338383838e+000 1.0672239060e+000
3.6843434343e+000 1.0682992203e+000
3.7348484848e+000 1.0693531162e+000
3.7853535354e+000 1.0703864220e+000
3.8358585859e+000 1.0713999187e+000
3.8863636364e+000 1.0723943443e+000
3.9368686869e+000 1.0733703965e+000
3.9873737374e+000 1.0743287357e+000
4.0378787879e+000 1.0752699874e+000
4.0883838384e+000 1.0761947449e+000
4.1388888889e+000 1.0771035711e+000
4.1893939394e+000 1.0779970010e+000
4.2398989899e+000 1.0788755431e+000
4.2904040404e+000 1.0797396813e+000
4.3409090909e+000 1.0805898764e+000
4.3914141414e+000 1.0814265674e+000
4.4419191919e+000 1.0822501733e+000
4.4924242424e+000 1.0830610939e+000
4.5429292929e+000 1.0838597109e+000
4.5934343434e+000 1.0846463892e+000
4.6439393939e+000 1.0854214779e+000
4.6944444444e+000 1.0861853110e+000
4.7449494949e+000 1.0869382082e+000
4.7954545455e+000 1.0876804761e+000
4.8459595960e+000 1.0884124084e+000
4.8964646465e+000 1.0891342870e+000
4.9469696970e+000 1.0898463825e+000
4.9974747475e+000 1.0905489547e+000
5.0479797980e+000 1.0912422531e+000
5.0984848485e+000 1.0919265178e+000
5.1489898990e+000 1.0926019797e+000
5.1994949495e+000 1.0932688609e+000
5.2500000000e+000 1.0939273752e+000
5.3005050505e+000 1.0945777288e+000
