0.0000000000000000e+000 1.2395548830134544e+000
1.0050251256281407e-007 9.6979495159842288e-001
2.0100502512562815e-007 1.0270859947396866e+000
3.0150753768844224e-007 9.8363956360157456e-001
4.0201005025125629e-007 9.4046354595972737e-001
5.0251256281407034e-007 9.1630226340458254e-001
6.0301507537688449e-007 8.9806544612418449e-001
7.0351758793969853e-007 8.8242895247532471e-001
8.0402010050251258e-007 8.6506126530762639e-001
9.0452261306532663e-007 8.4785615859055397e-001
1.0050251256281407e-006 8.3153855195856530e-001
1.1055276381909548e-006 8.1538170936604959e-001
1.2060301507537690e-006 7.9941021605211737e-001
1.3065326633165829e-006 7.8362817884776503e-001
1.4070351758793971e-006 7.6800469481346656e-001
1.5075376884422110e-006 7.5256114243733008e-001
1.6080402010050252e-006 7.3728463942639832e-001
1.7085427135678393e-006 7.2217019344102562e-001
1.8090452261306533e-006 7.0722045813364209e-001
1.9095477386934674e-006 6.9243383618000187e-001
2.0100502512562813e-006 6.7781009608356591e-001
2.1105527638190957e-006 6.6334928544283855e-001
2.2110552763819096e-006 6.4905112112504015e-001
2.3115577889447236e-006 6.3491561647356731e-001
2.4120603015075380e-006 6.2094275374801100e-001
2.5125628140703519e-006 6.0713249404611513e-001
2.6130653266331658e-006 5.9348483706625854e-001
2.7135678391959798e-006 5.7999977539343728e-001
2.8140703517587941e-006 5.6667730417872286e-001
2.9145728643216081e-006 5.5351742271072846e-001
3.0150753768844220e-006 5.4052012925514492e-001
3.1155778894472364e-006 5.2768542305313748e-001
3.2160804020100503e-006 5.1501330379418786e-001
3.3165829145728643e-006 5.0250377113216771e-001
3.4170854271356786e-006 4.9015682491970369e-001
3.5175879396984926e-006 4.7797246506266672e-001
3.6180904522613065e-006 4.6595069148843132e-001
3.7185929648241209e-006 4.5409150416071020e-001
3.8190954773869348e-006 4.4239490305269263e-001
3.9195979899497492e-006 4.3086088814478629e-001
4.0201005025125627e-006 4.1948945942252241e-001
4.1206030150753771e-006 4.0828061687141753e-001
4.2211055276381914e-006 3.9723436047515293e-001
4.3216080402010049e-006 3.8635069021269475e-001
4.4221105527638193e-006 3.7562960605464440e-001
4.5226130653266337e-006 3.6507110795877984e-001
4.6231155778894472e-006 3.5467519586369856e-001
4.7236180904522615e-006 3.4444186967996965e-001
4.8241206030150759e-006 3.3437112927775314e-001
4.9246231155778894e-006 3.2446297446946376e-001
5.0251256281407038e-006 3.1471740498566991e-001
5.1256281407035173e-006 3.0513442044178901e-001
5.2261306532663317e-006 2.9571402029238386e-001
5.3266331658291460e-006 2.8645620376889930e-001
5.4271356783919595e-006 2.7736096979546382e-001
5.5276381909547739e-006 2.6842831687588009e-001
5.6281407035175883e-006 2.5965824294309370e-001
5.7286432160804018e-006 2.5105074516021375e-001
5.8291457286432162e-006 2.4260581965952296e-001
5.9296482412060305e-006 2.3432346120282330e-001
6.0301507537688440e-006 2.2620366274289441e-001
6.1306532663316584e-006 2.1824641486179508e-001
6.2311557788944728e-006 2.1045170505723915e-001
6.3316582914572863e-006 2.0281951684338662e-001
6.4321608040201006e-006 1.9534982862721431e-001
6.5326633165829150e-006 1.8804261231632777e-001
6.6331658291457285e-006 1.8089783160886450e-001
6.7336683417085429e-006 1.7391543991130576e-001
6.8341708542713573e-006 1.6709537782591369e-001
6.9346733668341708e-006 1.6043757014656343e-001
7.0351758793969851e-006 1.5394192230042941e-001
7.1356783919597995e-006 1.4760831617383163e-001
7.2361809045226130e-006 1.4143660526410246e-001
7.3366834170854274e-006 1.3542660910612633e-001
7.4371859296482417e-006 1.2957810693272298e-001
7.5376884422110553e-006 1.2389083054266670e-001
7.6381909547738696e-006 1.1836445636909902e-001
7.7386934673366831e-006 1.1299859676441884e-001
7.8391959798994984e-006 1.0779279054519375e-001
7.9396984924623119e-006 1.0274649287169431e-001
8.0402010050251254e-006 9.7859064570444729e-002
8.1407035175879406e-006 9.3129761043514087e-002
8.2412060301507541e-006 8.8557720943627002e-002
8.3417085427135676e-006 8.4141954827777879e-002
8.4422110552763828e-006 7.9881334031934204e-002
8.5427135678391964e-006 7.5774580033592304e-002
8.6432160804020099e-006 7.1820254585458043e-002
8.7437185929648251e-006 6.8016750910644533e-002
8.8442211055276386e-006 6.4362286246169187e-002
8.9447236180904521e-006 6.0854896006370680e-002
9.0452261306532673e-006 5.7492429810962857e-002
9.1457286432160808e-006 5.4272549584298960e-002
9.2462311557788944e-006 5.1192729884248368e-002
9.3467336683417096e-006 4.8250260562758392e-002
9.4472361809045231e-006 4.5442251798108561e-002
9.5477386934673366e-006 4.2765641473883245e-002
9.6482412060301518e-006 4.0217204814812529e-002
9.7487437185929653e-006 3.7793566127875496e-002
9.8492462311557788e-006 3.5491212441223934e-002
9.9497487437185924e-006 3.3306508785965937e-002
1.0050251256281408e-005 3.1235714828497799e-002
1.0150753768844221e-005 2.9275002535095507e-002
1.0251256281407035e-005 2.7420474536397198e-002
1.0351758793969850e-005 2.5668182857081411e-002
1.0452261306532663e-005 2.4014147684727292e-002
1.0552763819095477e-005 2.2454375870288968e-002
1.0653266331658292e-005 2.0984878879214040e-002
1.0753768844221106e-005 1.9601689945143216e-002
1.0854271356783919e-005 1.8300880215409213e-002
1.0954773869346734e-005 1.7078573717305038e-002
1.1055276381909548e-005 1.5930961014545948e-002
1.1155778894472361e-005 1.4854311462950931e-002
1.1256281407035177e-005 1.3844984011826147e-002
1.1356783919597990e-005 1.2899436531842485e-002
1.1457286432160804e-005 1.2014233680650575e-002
1.1557788944723619e-005 1.1186053343634692e-002
1.1658291457286432e-005 1.0411691708883631e-002
1.1758793969849246e-005 9.6880670526735043e-003
1.1859296482412061e-005 9.0122223247042291e-003
1.1959798994974875e-005 8.3813266313239182e-003
1.2060301507537688e-005 7.7926757204156939e-003
1.2160804020100503e-005 7.2436915739629249e-003
1.2261306532663317e-005 6.7319212140256957e-003
1.2361809045226130e-005 6.2550348254244168e-003
1.2462311557788946e-005 5.8108232942852720e-003
1.2562814070351759e-005 5.3971952561710484e-003
1.2663316582914573e-005 5.0121737411713760e-003
1.2763819095477388e-005 4.6538924963823490e-003
1.2864321608040201e-005 4.3205920589421331e-003
1.2964824120603015e-005 4.0106156454340946e-003
1.3065326633165830e-005 3.7224049162050930e-003
1.3165829145728644e-005 3.4544956661160691e-003
1.3266331658291457e-005 3.2055134865509745e-003
1.3366834170854272e-005 2.9741694372333581e-003
1.3467336683417086e-005 2.7592557605859557e-003
1.3567839195979899e-005 2.5596416660441925e-003
1.3668341708542715e-005 2.3742692069087081e-003
1.3768844221105528e-005 2.2021492679903270e-003
1.3869346733668342e-005 2.0423576784482475e-003
1.3969849246231157e-005 1.8940314608260123e-003
1.4070351758793970e-005 1.7563652243221487e-003
1.4170854271356784e-005 1.6286077077620825e-003
1.4271356783919599e-005 1.5100584755321003e-003
1.4371859296482413e-005 1.4000647678613465e-003
1.4472361809045226e-005 1.2980185052610864e-003
1.4572864321608041e-005 1.2033534456198502e-003
1.4673366834170855e-005 1.1155424913782918e-003
1.4773869346733668e-005 1.0340951433402937e-003
1.4874371859296483e-005 9.5855509699075824e-004
1.4974874371859297e-005 8.8849797666160849e-004
1.5075376884422111e-005 8.2352920249395545e-004
1.5175879396984926e-005 7.6328198486652350e-004
1.5276381909547739e-005 7.0741544078069827e-004
1.5376884422110553e-005 6.5561282659538792e-004
1.5477386934673366e-005 6.0757988147651148e-004
1.5577889447236180e-005 5.6304327595428801e-004
1.5678391959798997e-005 5.2174916005608672e-004
1.5778894472361810e-005 4.8346180559428895e-004
1.5879396984924624e-005 4.4796233732955870e-004
1.5979899497487437e-005 4.1504754789337356e-004
1.6080402010050251e-005 3.8452879153390610e-004
1.6180904522613064e-005 3.5623095194149435e-004
1.6281407035175881e-005 3.2999147960992428e-004
1.6381909547738695e-005 3.0565949439414277e-004
1.6482412060301508e-005 2.8309494913100893e-004
1.6582914572864322e-005 2.6216785039495020e-004
1.6683417085427135e-005 2.4275753266303585e-004
1.6783919597989949e-005 2.2475198236250913e-004
1.6884422110552766e-005 2.0804720846703936e-004
1.6984924623115579e-005 1.9254665649495080e-004
1.7085427135678393e-005 1.7816066294276653e-004
1.7185929648241206e-005 1.6480594736007853e-004
1.7286432160804020e-005 1.5240513943667902e-004
1.7386934673366833e-005 1.4088633862986125e-004
1.7487437185929650e-005 1.3018270400872090e-004
1.7587939698492464e-005 1.2023207213315376e-004
1.7688442211055277e-005 1.1097660091811115e-004
1.7788944723618091e-005 1.0236243755865787e-004
1.7889447236180904e-005 9.4339408708634135e-005
1.7989949748743718e-005 8.6860731215443018e-005
1.8090452261306535e-005 7.9882741815877949e-005
1.8190954773869348e-005 7.3364644293196402e-005
1.8291457286432162e-005 6.7268272684068353e-005
1.8391959798994975e-005 6.1557869205817301e-005
1.8492462311557789e-005 5.6199875649759342e-005
1.8592964824120602e-005 5.1162737055660627e-005
1.8693467336683419e-005 4.6416716545591983e-005
1.8793969849246233e-005 4.1933720252968676e-005
1.8894472361809046e-005 3.7687131334514858e-005
1.8994974874371860e-005 3.3651652099462407e-005
1.9095477386934673e-005 2.9803153331641826e-005
1.9195979899497487e-005 2.6118529916388124e-005
1.9296482412060304e-005 2.2575561915487261e-005
1.9396984924623117e-005 1.9152780259827349e-005
1.9497487437185931e-005 1.5829336251069659e-005
1.9597989949748744e-005 1.2584874080571029e-005
1.9698492462311558e-005 9.3994055859996670e-006
1.9798994974874371e-005 6.2531864735941124e-006
1.9899497487437185e-005 3.1265932367970562e-006
2.0000000000000002e-005 0.0000000000000000e+000
